       N       E                     dE             d eps       ncg     rms          ort
SDA:   1    -0.130682515108E+03   -0.13068E+03    0.00000E+00  8520   0.234E-04 0.000E+00
CGA:   2    -0.130682525416E+03   -0.10309E-04   -0.13557E-04  8520   0.162E-04-0.854E-05
CGA:   3    -0.130682525956E+03   -0.54012E-06   -0.88282E-06  8520   0.559E-05 0.257E-05
   1 F= -.13068253E+03 E0= -.13068253E+03  d E =-.411578E-68  mag=    -0.0000
