       N       E                     dE             d eps       ncg     rms          rms(c)
DAV:   1    -0.956089209118E+02   -0.95609E+02   -0.24652E-03 38888   0.426E-01    0.174E-02
RMM:   2    -0.956089250288E+02   -0.41170E-05   -0.71387E-05 40271   0.423E-02    0.302E-02
RMM:   3    -0.956089179798E+02    0.70490E-05   -0.11846E-05 36291   0.179E-02    0.364E-03
RMM:   4    -0.956089177343E+02    0.24550E-06   -0.13985E-06 21328   0.550E-03
   1 F= -.95608918E+02 E0= -.95608918E+02  d E =-.181988-142  mag=     0.0000
