       N       E                     dE             d eps       ncg     rms          ort
SDA:   1    -0.118389341189E+02   -0.11839E+02    0.00000E+00 13188   0.904E-01 0.000E+00
CGA:   2    -0.118833275978E+02   -0.44393E-01   -0.55757E-01 13188   0.202E-01-0.225E-01
CGA:   3    -0.118906902456E+02   -0.73626E-02   -0.71505E-02 13188   0.393E-02 0.762E-03
