       N       E                     dE             d eps       ncg     rms          rms(c)
DAV:   1    -0.956108361176E+02   -0.95611E+02   -0.14974E-02 41952   0.937E-01    0.121E-02
RMM:   2    -0.956108377085E+02   -0.15910E-05   -0.14786E-05 46043   0.203E-02    0.189E-02
RMM:   3    -0.956108355140E+02    0.21945E-05   -0.20090E-06 33499   0.680E-03    0.352E-03
RMM:   4    -0.956108361143E+02   -0.60028E-06   -0.28361E-07 24337   0.321E-03
   1 F= -.95610836E+02 E0= -.95610836E+02  d E =-.138478E-18  mag=    12.0000
