       N       E                     dE             d eps       ncg     rms          rms(c)
DAV:   1    -0.654756505884E+02   -0.65476E+02   -0.15017E+03 44928   0.395E+02    0.292E+01
RMM:   2    -0.104167494572E+03   -0.38692E+02   -0.41684E+02 37192   0.965E+01    0.297E+01
RMM:   3    -0.937068160951E+02    0.10461E+02   -0.21673E+01 42364   0.248E+01    0.152E+01
RMM:   4    -0.939859237895E+02   -0.27911E+00   -0.11117E+01 37581   0.150E+01    0.118E+01
RMM:   5    -0.932377464111E+02    0.74818E+00   -0.13344E+00 44036   0.549E+00    0.375E+00
