       N       E                     dE             d eps       ncg     rms          ort
SDA:   1    -0.124101860176E+03   -0.12410E+03    0.00000E+00  8040   0.847E-04 0.000E+00
CGA:   2    -0.124101862003E+03   -0.18269E-05   -0.17518E-05  8040   0.182E-04-0.412E-06
CGA:   3    -0.124101867881E+03   -0.58774E-05   -0.87035E-05  8040   0.382E-04-0.974E-05
CGA:   4    -0.124101868667E+03   -0.78603E-06   -0.12212E-05  8040   0.185E-04 0.251E-05
   1 F= -.12410187E+03 E0= -.12410158E+03  d E =-.580030E-03
