       N       E                     dE             d eps       ncg     rms          ort
SDA:   1    -0.119031059093E+02   -0.11903E+02    0.00000E+00 13188   0.112E-04 0.000E+00
CGA:   2    -0.119031085328E+02   -0.26235E-05   -0.25004E-05 13188   0.267E-05 0.530E-05
CGA:   3    -0.119031089718E+02   -0.43901E-06   -0.56307E-06 13188   0.871E-06 0.213E-05
   1 F= -.11903109E+02 E0= -.11903109E+02  d E =-.137846-118
