       N       E                     dE             d eps       ncg     rms          ort
SDA:   1    -0.130703161346E+03   -0.13070E+03    0.00000E+00 10224   0.199E-04 0.000E+00
CGA:   2    -0.130703168512E+03   -0.71663E-05   -0.15463E-04 10224   0.202E-04-0.143E-04
CGA:   3    -0.130703171223E+03   -0.27107E-05   -0.30551E-05 10224   0.473E-05 0.443E-05
CGA:   4    -0.130703171935E+03   -0.71225E-06   -0.87337E-06 10224   0.127E-05 0.219E-05
   1 F= -.13070317E+03 E0= -.13070317E+03  d E =-.194032E-29  mag=    12.0000
