Overlap Matrix (abs) of the orthonormalized projected bands for spin 1
 at k-point -0.272727         0         0
maxDeviation is: 0.265369
   0.991662 0.000894458   0.0174335 0.000121028 3.51112e-06   0.0134549    0.126926  0.00336638 0.000101639
0.000894458    0.999904  0.00187007 1.29826e-05 3.76633e-07  0.00144329   0.0136152 0.000361107 1.09027e-05
  0.0174335  0.00187007    0.963551 0.000253038 7.34081e-06   0.0281306    0.265369  0.00703818   0.0002125
0.000121028 1.29826e-05 0.000253038    0.999998  5.0962e-08 0.000195291  0.00184227 4.88611e-05 1.47524e-06
3.51112e-06 3.76633e-07 7.34081e-06  5.0962e-08           1 5.66553e-06 5.34455e-05  1.4175e-06 4.27977e-08
  0.0134549  0.00144329   0.0281306 0.000195291 5.66553e-06    0.978289    0.204808  0.00543197 0.000164005
   0.126926   0.0136152    0.265369  0.00184227 5.34455e-05    0.204808    0.932044   0.0512422  0.00154713
 0.00336638 0.000361107  0.00703818 4.88611e-05  1.4175e-06  0.00543197   0.0512422    0.998641 4.10334e-05
0.000101639 1.09027e-05   0.0002125 1.47524e-06 4.27977e-08 0.000164005  0.00154713 4.10334e-05    0.999999
Overlap Matrix (abs) of the orthonormalized projected bands for spin 1
 at k-point  0.272727 0.0909091         0
maxDeviation is: 0.683198
   0.988075  0.00156712   0.0194703 0.000502821  0.00506322  0.00591733      0.1409   0.0578222  0.00831386
 0.00156712    0.999794  0.00255869  6.6078e-05 0.000665381 0.000777623   0.0185164  0.00759868  0.00109256
  0.0194703  0.00255869     0.96821 0.000820969  0.00826685  0.00966138    0.230052   0.0944079   0.0135743
0.000502821  6.6078e-05 0.000820969    0.999979 0.000213491 0.000249505  0.00594108  0.00243808 0.000350555
 0.00506322 0.000665381  0.00826685 0.000213491     0.99785  0.00251242   0.0598245   0.0245506  0.00352996
 0.00591733 0.000777623  0.00966138 0.000249505  0.00251242    0.997064   0.0699162    0.028692  0.00412542
     0.1409   0.0185164    0.230052  0.00594108   0.0598245   0.0699162    0.664807    0.683198   0.0982324
  0.0578222  0.00759868   0.0944079  0.00243808   0.0245506    0.028692    0.683198    0.719631   0.0403123
 0.00831386  0.00109256   0.0135743 0.000350555  0.00352996  0.00412542   0.0982324   0.0403123    0.994204
Overlap Matrix (abs) of the orthonormalized projected bands for spin 1
 at k-point 0.0909091  0.272727         0
maxDeviation is: 0.683177
   0.988075  0.00156711   0.0194703 0.000502849  0.00506332  0.00591768    0.140902   0.0578204  0.00831518
 0.00156711    0.999794  0.00255864 6.60806e-05 0.000665383 0.000777657   0.0185162  0.00759831  0.00109272
  0.0194703  0.00255864    0.968211 0.000821007  0.00826693  0.00966186    0.230052   0.0944039   0.0135763
0.000502849 6.60806e-05 0.000821007    0.999979 0.000213506 0.000249532  0.00594142  0.00243812 0.000350627
 0.00506332 0.000665383  0.00826693 0.000213506     0.99785   0.0025126   0.0598257   0.0245501  0.00353056
 0.00591768 0.000777657  0.00966186 0.000249532   0.0025126    0.997063   0.0699205   0.0286925  0.00412629
   0.140902   0.0185162    0.230052  0.00594142   0.0598257   0.0699205    0.664825    0.683177   0.0982481
  0.0578204  0.00759831   0.0944039  0.00243812   0.0245501   0.0286925    0.683177    0.719652   0.0403171
 0.00831518  0.00109272   0.0135763 0.000350627  0.00353056  0.00412629   0.0982481   0.0403171    0.994202
Overlap Matrix (abs) of the orthonormalized projected bands for spin 1
 at k-point 0.181818        0       -0
maxDeviation is: 0.0832219
          1 8.65567e-13 1.19243e-11 4.85812e-09 2.05035e-07 7.37121e-11 2.15601e-10 1.56746e-07 4.91387e-06
2.04529e-11           1 1.01769e-11 2.84948e-09 1.20388e-07 1.33803e-11 4.49627e-11 9.19609e-08 2.88521e-06
1.39925e-11 1.86652e-11           1 2.04853e-09 8.63329e-08  2.3679e-10 1.56757e-10 6.60723e-08 2.06905e-06
4.85773e-09 2.85379e-09 2.04442e-09    0.999998 8.22756e-05 8.63558e-09 8.28833e-08 6.28973e-05  0.00197182
2.05035e-07 1.20388e-07  8.6333e-08 8.22756e-05    0.996528 3.63779e-07 3.49826e-06  0.00265462   0.0832219
1.90985e-10 6.94921e-11  1.8799e-10 8.58078e-09 3.63781e-07           1 7.08221e-10 2.77155e-07 8.71838e-06
 1.7274e-10 3.29044e-10  1.3472e-10 8.28868e-08 3.49826e-06 2.95615e-09           1 2.67433e-06 8.38392e-05
1.56737e-07 9.20656e-08 6.59726e-08 6.28973e-05  0.00265462 2.78488e-07 2.67425e-06    0.997971   0.0636206
4.91387e-06 2.88521e-06 2.06906e-06  0.00197182   0.0832219 8.71834e-06 8.38392e-05   0.0636206    0.994496
Overlap Matrix (abs) of the orthonormalized projected bands for spin 1
 at k-point -0.181818         0         0
maxDeviation is: 0.0832505
          1 2.46092e-12 2.59664e-11 6.91721e-09 2.85417e-07 5.73979e-11 5.97357e-10 1.20134e-07 6.84279e-06
2.07688e-11           1 8.83621e-12 2.25553e-09 9.31885e-08 1.44935e-11 1.34235e-10 3.91544e-08 2.23417e-06
7.10422e-12 2.12469e-11           1 5.70243e-09 2.35206e-07   2.572e-10 5.55924e-10 9.90431e-08 5.63901e-06
6.91689e-09  2.2598e-09 5.69947e-09    0.999998 8.41548e-05 1.11581e-08 1.73546e-07 3.54209e-05  0.00201759
2.85417e-07 9.31884e-08 2.35206e-07 8.41548e-05    0.996528 4.59811e-07   7.161e-06  0.00146155   0.0832505
2.07296e-10 6.81501e-11 1.68346e-10 1.11094e-08 4.59813e-07           1 3.40665e-10 1.92759e-07 1.10239e-05
5.55875e-10 3.82943e-10  2.6949e-10 1.73549e-07   7.161e-06 3.50515e-09           1 3.01409e-06 0.000171683
1.20127e-07 3.92546e-08 9.89828e-08 3.54209e-05  0.00146155 1.93855e-07 3.01404e-06    0.999385   0.0350403
6.84279e-06 2.23417e-06 5.63901e-06  0.00201759   0.0832505 1.10239e-05 0.000171683   0.0350403     0.99591
Overlap Matrix (abs) of the orthonormalized projected bands for spin 1
 at k-point         0 0.0909091         0
maxDeviation is: 0.115048
   0.999658 0.000103826  0.00150786  1.7881e-05   7.404e-07  3.1092e-05   0.0261167 0.000315124  8.3615e-05
0.000103826    0.999969 0.000457369 5.42371e-06  2.2458e-07 9.43091e-06  0.00792178 9.55842e-05 2.53623e-05
 0.00150786 0.000457369    0.993358 7.87685e-05 3.26157e-06 0.000136965    0.115048  0.00138817 0.000368337
 1.7881e-05 5.42371e-06 7.87685e-05    0.999999 3.86774e-08  1.6242e-06   0.0013643 1.64616e-05 4.36793e-06
  7.404e-07  2.2458e-07 3.26157e-06 3.86774e-08           1 6.72535e-08 5.64916e-05 6.81627e-07 1.80863e-07
3.10921e-05 9.43093e-06 0.000136965  1.6242e-06 6.72535e-08    0.999997  0.00237228  2.8624e-05 7.59509e-06
  0.0261167  0.00792178    0.115048   0.0013643 5.64916e-05  0.00237228     0.99267   0.0240435  0.00637972
0.000315124 9.55842e-05  0.00138817 1.64616e-05 6.81627e-07 2.86239e-05   0.0240435     0.99971 7.69777e-05
 8.3615e-05 2.53623e-05 0.000368337 4.36793e-06 1.80863e-07 7.59508e-06  0.00637972 7.69777e-05     0.99998
Overlap Matrix (abs) of the orthonormalized projected bands for spin 1
 at k-point 0.0909091 0.0909091         0
maxDeviation is: 0.118771
          1 1.23593e-11 1.92834e-11 2.25253e-09 9.99243e-08 9.86319e-11 5.80647e-08 1.67463e-06 5.09759e-06
2.56091e-11           1 2.06454e-11 9.77307e-10  4.4035e-08 8.49168e-11 2.56687e-08 7.37972e-07 3.23461e-06
3.03842e-11  2.2146e-11           1 1.12242e-09 5.01744e-08 1.25596e-10 2.87753e-08 8.40877e-07 6.06696e-06
2.25068e-09 1.00631e-09 1.14809e-09    0.999996  0.00015903 5.43904e-09 9.34253e-05  0.00266516 4.58117e-06
9.99243e-08 4.40343e-08 5.01738e-08  0.00015903    0.992913 2.35588e-07  0.00416347    0.118771 1.73761e-07
2.51244e-10 1.74263e-10 1.83303e-10 5.12008e-09 2.35595e-07           1 1.38815e-07 3.94819e-06 1.79461e-05
5.80895e-08 2.52765e-08 2.84021e-08 9.34253e-05  0.00416347 1.34964e-07    0.997554   0.0697748  0.00037795
1.67463e-06 7.37986e-07  8.4089e-07  0.00266516    0.118771 3.94833e-06   0.0697748    0.990463 1.32413e-05
5.09758e-06 3.23461e-06 6.06696e-06 4.58117e-06 1.73763e-07 1.79461e-05  0.00037795 1.32413e-05           1
Overlap Matrix (abs) of the orthonormalized projected bands for spin 1
 at k-point 0.272727        0       -0
maxDeviation is: 0.265352
   0.991664 0.000893383   0.0174296 0.000121022 3.50047e-06   0.0134611    0.126905  0.00336548 0.000101648
0.000893383    0.999904  0.00186802 1.29706e-05 3.75163e-07  0.00144269    0.013601 0.000360696 1.08941e-05
  0.0174296  0.00186802    0.963556 0.000253051  7.3193e-06   0.0281464    0.265352  0.00703705  0.00021254
0.000121022 1.29706e-05 0.000253051    0.999998 5.08215e-08 0.000195434  0.00184247 4.88617e-05 1.47577e-06
3.50047e-06 3.75163e-07  7.3193e-06 5.08215e-08           1 5.65278e-06 5.32918e-05 1.41328e-06 4.26855e-08
  0.0134611  0.00144269   0.0281464 0.000195434 5.65278e-06    0.978262    0.204934  0.00543479 0.000164147
   0.126905    0.013601    0.265352  0.00184247 5.32918e-05    0.204934    0.932025   0.0512368  0.00154751
 0.00336548 0.000360696  0.00703705 4.88617e-05 1.41328e-06  0.00543479   0.0512368    0.998641 4.10394e-05
0.000101648 1.08941e-05  0.00021254 1.47577e-06 4.26855e-08 0.000164147  0.00154751 4.10394e-05    0.999999
Overlap Matrix (abs) of the orthonormalized projected bands for spin 1
 at k-point  0.181818 0.0909091        -0
maxDeviation is: 0.782465
   0.998581 0.000517795   0.0012249  0.00300971 0.000573995  0.00220419  0.00128988   0.0477161    0.023269
0.000517795    0.999811 0.000446975  0.00109826 0.000209454 0.000804321 0.000470685   0.0174119  0.00849098
  0.0012249 0.000446975    0.998943  0.00259806 0.000495489  0.00190272  0.00111346   0.0411899   0.0200864
 0.00300971  0.00109826  0.00259806    0.993616  0.00121746  0.00467515  0.00273588    0.101207   0.0493542
0.000573995 0.000209454 0.000495489  0.00121746    0.999768  0.00089162 0.000521772   0.0193017  0.00941257
 0.00220419 0.000804322  0.00190272  0.00467515  0.00089162    0.996576  0.00200365   0.0741202    0.036145
 0.00128988 0.000470685  0.00111346  0.00273588 0.000521772  0.00200365    0.998827   0.0433748   0.0211519
  0.0477161   0.0174119   0.0411899    0.101207   0.0193017   0.0741202   0.0433748     0.60455    0.782465
   0.023269  0.00849098   0.0200864   0.0493542  0.00941257    0.036145   0.0211519    0.782465    0.618427
Overlap Matrix (abs) of the orthonormalized projected bands for spin 1
 at k-point        -0 -0.272727        -0
maxDeviation is: 0.264789
   0.991703 0.000881376   0.0173528  0.00012068 1.32658e-06   0.0135272    0.126606  0.00335334 8.17986e-05
0.000881376    0.999906  0.00184334 1.28195e-05  1.4092e-07  0.00143696   0.0134491 0.000356216 8.68925e-06
  0.0173528  0.00184334    0.963708 0.000252394 2.77446e-06   0.0282912    0.264789  0.00701329 0.000171076
 0.00012068 1.28195e-05 0.000252394    0.999998  1.9295e-08 0.000196751  0.00184147 4.87739e-05 1.18975e-06
1.32658e-06  1.4092e-07 2.77446e-06  1.9295e-08           1  2.1628e-06 2.02425e-05 5.36151e-07 1.30784e-08
  0.0135272  0.00143696   0.0282912 0.000196751  2.1628e-06    0.977946    0.206413  0.00546714 0.000133361
   0.126606   0.0134491    0.264789  0.00184147 2.02425e-05    0.206413    0.931905   0.0511691  0.00124818
 0.00335334 0.000356216  0.00701329 4.87739e-05 5.36151e-07  0.00546714   0.0511691    0.998645 3.30597e-05
8.17986e-05 8.68925e-06 0.000171076 1.18975e-06 1.30784e-08 0.000133361  0.00124818 3.30597e-05    0.999999
Overlap Matrix (abs) of the orthonormalized projected bands for spin 1
 at k-point 0.0909091         0        -0
maxDeviation is: 0.115024
   0.999658 0.000103579  0.00150667 1.78331e-05 1.12469e-06 3.17032e-05   0.0261015 0.000324137 5.37879e-05
0.000103579    0.999969 0.000456451 5.40259e-06 3.40728e-07  9.6046e-06  0.00790755 9.81983e-05 1.62952e-05
 0.00150667 0.000456451     0.99336 7.85863e-05 4.95625e-06 0.000139709    0.115024   0.0014284 0.000237031
1.78331e-05 5.40259e-06 7.85863e-05    0.999999 5.86625e-08 1.65361e-06  0.00136143 1.69066e-05 2.80552e-06
1.12469e-06 3.40728e-07 4.95625e-06 5.86625e-08           1 1.04289e-07  8.5862e-05 1.06626e-06 1.76937e-07
3.17033e-05 9.60462e-06 0.000139709 1.65361e-06 1.04289e-07    0.999997  0.00242032 3.00563e-05  4.9876e-06
  0.0261015  0.00790755    0.115024  0.00136143  8.5862e-05  0.00242032    0.992668   0.0247455  0.00410632
0.000324137 9.81983e-05   0.0014284 1.69066e-05 1.06626e-06 3.00562e-05   0.0247455    0.999693 5.09935e-05
5.37879e-05 1.62952e-05 0.000237031 2.80552e-06 1.76937e-07 4.98759e-06  0.00410632 5.09935e-05    0.999992
Overlap Matrix (abs) of the orthonormalized projected bands for spin 1
 at k-point -0.0909091  0.0909091          0
maxDeviation is: 0.479023
          1 1.06469e-06 4.77052e-07 2.76742e-05 3.63323e-06 1.00797e-06  0.00043002 1.80548e-07 0.000110193
1.06485e-06    0.999989 5.13551e-06 0.000297876 3.91068e-05 1.08449e-05  0.00462858  1.9446e-06  0.00118608
4.77199e-07 5.13544e-06    0.999998 0.000133477 1.75237e-05 4.85989e-06  0.00207405  8.7147e-07 0.000531479
2.76742e-05 0.000297876 0.000133477    0.992258  0.00101644 0.000281875    0.120303 5.05346e-05   0.0308279
3.63323e-06 3.91068e-05 1.75237e-05  0.00101644    0.999867 3.70062e-05   0.0157941 6.63448e-06  0.00404726
1.00623e-06 1.08443e-05 4.85845e-06 0.000281875 3.70062e-05     0.99999  0.00437996  1.8345e-06  0.00112237
 0.00043002  0.00462858  0.00207405    0.120303   0.0157941  0.00437996     0.86935 0.000785239    0.479023
1.80516e-07 1.94387e-06 8.70771e-07 5.05346e-05 6.63447e-06 1.84424e-06 0.000785239           1 0.000201218
0.000110193  0.00118608 0.000531479   0.0308279  0.00404726  0.00112237    0.479023 0.000201218     0.87725
Overlap Matrix (abs) of the orthonormalized projected bands for spin 1
 at k-point 0.0909091  0.181818         0
maxDeviation is: 0.781392
   0.998582 0.000517535  0.00122579  0.00300903  0.00057282  0.00220171  0.00122675   0.0477304   0.0232219
0.000517535    0.999811 0.000447229  0.00109785 0.000208993 0.000803296  0.00044758   0.0174145  0.00847253
 0.00122579 0.000447229    0.998941  0.00260026 0.000495004  0.00190262   0.0010601   0.0412464   0.0200673
 0.00300903  0.00109785  0.00260026    0.993617  0.00121512   0.0046705  0.00260231    0.101251   0.0492607
 0.00057282 0.000208993 0.000495004  0.00121512    0.999769 0.000889107 0.000495393   0.0192747   0.0093776
 0.00220171 0.000803296  0.00190262   0.0046705 0.000889107    0.996583  0.00190411   0.0740852   0.0360441
 0.00122675  0.00044758   0.0010601  0.00260231 0.000495392  0.00190411    0.998939   0.0412788   0.0200831
  0.0477304   0.0174145   0.0412464    0.101251   0.0192747   0.0740852   0.0412788    0.606075    0.781392
  0.0232219  0.00847253   0.0200673   0.0492607   0.0093776   0.0360441   0.0200831    0.781392    0.619835
Overlap Matrix (abs) of the orthonormalized projected bands for spin 1
 at k-point 0.181818 0.181818        0
maxDeviation is: 0.136141
   0.999819 0.000150566  0.00014323  0.00130123 2.93532e-05 0.000661863 5.53137e-07 0.000826799   0.0189634
0.000150567    0.999875 0.000118982  0.00108093 2.43838e-05 0.000549812 6.23507e-07 0.000686826    0.015753
 0.00014323 0.000118982    0.999887  0.00102827 2.31958e-05 0.000523023 3.22739e-07 0.000653361   0.0149855
 0.00130123  0.00108093  0.00102827    0.990658  0.00021073  0.00475159 3.51751e-06  0.00593568    0.136141
2.93532e-05 2.43838e-05 2.31958e-05  0.00021073    0.999995 0.000107187 2.20697e-07 0.000133898  0.00307108
0.000661864 0.000549813 0.000523024  0.00475159 0.000107187    0.997583 4.03192e-06  0.00301916   0.0692473
5.53137e-07 6.23507e-07 3.22739e-07 3.51751e-06 2.20697e-07 4.03192e-06     1.00002 2.12635e-06 3.11798e-07
0.000826799 0.000686825  0.00065336  0.00593568 0.000133898  0.00301915 2.12635e-06    0.996228   0.0865037
  0.0189634    0.015753   0.0149855    0.136141  0.00307108   0.0692473 3.11798e-07   0.0865037    0.984046
Overlap Matrix (abs) of the orthonormalized projected bands for spin 1
 at k-point -0.181818  0.181818         0
maxDeviation is: 0.307447
   0.950177  0.00950094   0.0503421 0.000497659 1.41507e-05   0.0442134 9.28845e-05    0.304275 1.46703e-06
 0.00950094    0.998188  0.00959999 9.49012e-05 2.69847e-06  0.00843128 1.77126e-05   0.0580238 2.79755e-07
  0.0503421  0.00959999    0.949133 0.000502847 1.42982e-05   0.0446743 9.38528e-05    0.307447 1.48232e-06
0.000497659 9.49012e-05 0.000502847    0.999995 1.41346e-07  0.00044163 9.27786e-07  0.00303929 1.46536e-08
1.41507e-05 2.69847e-06 1.42982e-05 1.41346e-07           1 1.25575e-05 2.63811e-08 8.64206e-05 4.16672e-10
  0.0442134  0.00843128   0.0446743  0.00044163 1.25575e-05    0.960764 8.24271e-05    0.270018 1.30186e-06
9.28845e-05 1.77126e-05 9.38528e-05 9.27786e-07 2.63811e-08 8.24271e-05           1  0.00056726 2.73498e-09
   0.304275   0.0580238    0.307447  0.00303929 8.64206e-05    0.270018  0.00056726    0.858258 8.95938e-06
1.46703e-06 2.79755e-07 1.48232e-06 1.46536e-08 4.16662e-10 1.30186e-06 2.73498e-09 8.95938e-06           1
Overlap Matrix (abs) of the orthonormalized projected bands for spin 1
 at k-point -0.0909091  -0.181818         -0
maxDeviation is: 0.781072
   0.998585 0.000517496  0.00122304  0.00300571 0.000572587  0.00220302  0.00128999   0.0476746   0.0231817
0.000517496    0.999811 0.000447308  0.00109929 0.000209414 0.000805718 0.000471793   0.0174362  0.00847834
 0.00122304 0.000447308    0.998943  0.00259804 0.000494926  0.00190422  0.00111503   0.0412084   0.0200376
 0.00300571  0.00109929  0.00259804    0.993615  0.00121631  0.00467975  0.00274025    0.101272   0.0492436
0.000572587 0.000209414 0.000494926  0.00121631    0.999768 0.000891492 0.000522018   0.0192924  0.00938091
 0.00220302 0.000805718  0.00190422  0.00467975 0.000891492     0.99657  0.00200845   0.0742272   0.0360929
 0.00128999 0.000471793  0.00111503  0.00274025 0.000522018  0.00200846    0.998824   0.0434642   0.0211344
  0.0476746   0.0174362   0.0412084    0.101272   0.0192924   0.0742272   0.0434642    0.606321    0.781072
  0.0231817  0.00847834   0.0200376   0.0492436  0.00938091   0.0360929   0.0211344    0.781072    0.620205
Overlap Matrix (abs) of the orthonormalized projected bands for spin 1
 at k-point  0.0909091 -0.0909091         -0
maxDeviation is: 0.479131
          1   1.483e-07 6.15431e-08  4.0279e-06 5.28772e-07 1.84819e-07 6.25795e-05 6.97527e-08 1.60403e-05
1.48343e-07     0.99999 4.35811e-06  0.00028515 3.74338e-05 1.30765e-05  0.00443024 4.94097e-06  0.00113555
6.15854e-08 4.35804e-06    0.999998 0.000118355 1.55373e-05 5.42787e-06  0.00183882 2.05098e-06 0.000471323
 4.0279e-06  0.00028515 0.000118355    0.992256  0.00101662  0.00035513    0.120315 0.000134172    0.030839
5.28772e-07 3.74338e-05 1.55373e-05  0.00101662    0.999867 4.66206e-05   0.0157947 1.76138e-05  0.00404847
 1.8439e-07 1.30759e-05 5.42642e-06  0.00035513 4.66206e-05    0.999984  0.00551749 6.14555e-06  0.00141423
6.25795e-05  0.00443024  0.00183882    0.120315   0.0157947  0.00551749    0.869282  0.00208456    0.479131
6.97404e-08 4.93982e-06 2.04986e-06 0.000134172 1.76137e-05 6.15897e-06  0.00208456    0.999998 0.000534312
1.60403e-05  0.00113555 0.000471323    0.030839  0.00404847  0.00141423    0.479131 0.000534312     0.87719
Overlap Matrix (abs) of the orthonormalized projected bands for spin 1
 at k-point 0.272727 0.272727        0
maxDeviation is: 0.000620803
          1 2.30221e-11 3.61076e-11 1.85399e-13 9.67653e-16 2.52087e-10 1.54292e-11 1.13879e-10 2.31196e-12
6.18587e-11           1 2.15513e-11 7.89424e-13 5.17796e-15 2.06454e-13 5.00103e-10 3.83993e-10 9.86712e-12
1.47485e-10  4.1101e-11           1 1.89726e-12 1.27752e-14 1.32035e-10 1.29454e-10 9.67551e-10  2.3682e-11
1.48586e-13 2.88927e-13 4.44593e-13           1 3.34221e-16 3.09923e-12 4.50392e-11 1.62376e-12 3.13864e-14
 1.7993e-15 2.20663e-15  3.2072e-15 4.20018e-16           1  2.4651e-14 9.11739e-12 1.65155e-14 1.34874e-15
9.71783e-10 2.95672e-10 4.89633e-10 1.25759e-11 7.98168e-14           1 1.06454e-09 6.35193e-09  1.5715e-10
1.54286e-11 5.00107e-10 1.29442e-10 4.50392e-11 9.11517e-12  1.0646e-09     1.00062 2.74588e-09 5.35933e-09
8.82012e-11 3.04135e-10 5.27384e-10 1.59787e-12 7.84343e-15 3.65897e-09 2.74594e-09           1  1.9658e-11
1.76485e-12 3.42897e-12 5.21453e-12 3.08194e-14 9.66382e-16 3.64513e-11 5.35934e-09 1.92168e-11           1
Overlap Matrix (abs) of the orthonormalized projected bands for spin 1
 at k-point 0.363636 0.363636        0
maxDeviation is: 5.19825e-09
          1 9.63779e-12 2.35051e-11  1.5283e-14  1.3695e-16 1.64173e-10 6.19005e-10 1.71416e-11 1.71143e-13
3.01651e-11           1 7.23781e-12 3.04737e-14  2.7603e-16  5.1746e-11 4.04879e-10  2.3679e-10 3.46891e-13
1.08567e-10 4.16728e-11           1 8.35212e-14 3.23454e-16 1.56055e-10 9.36426e-10 8.94711e-10 9.65763e-13
2.22476e-14 1.49647e-14 2.06486e-14           1 5.07074e-16 1.40731e-13 3.27424e-10  1.7003e-13 1.19832e-15
3.71058e-16 5.56983e-17  4.8623e-16 1.89808e-16           1  8.3954e-16 9.74429e-11 2.83675e-15  1.6812e-15
6.38066e-10 2.23494e-10 8.31491e-11 5.11377e-13 1.35439e-15           1 1.05525e-09 5.19825e-09 5.94171e-12
6.19006e-10 4.04881e-10 9.36421e-10 3.27425e-10  9.7444e-11 1.05529e-09    0.999585 2.12435e-09 1.93365e-09
5.70329e-11 1.93506e-10 4.41442e-10 1.51865e-13 1.73122e-15 2.96189e-09 2.12434e-09           1 1.67284e-12
2.43485e-13  1.6761e-13 2.30629e-13 3.19479e-15 1.13485e-15 1.54232e-12 1.93365e-09 1.85432e-12           1
Overlap Matrix (abs) of the orthonormalized projected bands for spin 1
 at k-point -0.0909091 -0.0909091         -0
maxDeviation is: 0.118715
          1 1.78297e-11 3.99257e-11 5.40522e-09 2.41713e-07 1.20114e-10 1.86095e-07 4.04917e-06 6.05987e-06
 3.1079e-11           1 2.95113e-11 1.93908e-09 8.61438e-08 9.60282e-11 6.63126e-08 1.44308e-06  3.7604e-06
5.10263e-11 3.10257e-11           1 9.49654e-09 4.23645e-07 1.59941e-10 3.25375e-07 7.09695e-06 7.37393e-06
5.40702e-09 1.91251e-09 9.47378e-09    0.999996 0.000158877 5.33463e-09 0.000121671  0.00266155 5.36568e-06
2.41713e-07 8.61444e-08 4.23645e-07 0.000158877    0.992913 2.44708e-07  0.00542704    0.118715 7.37716e-07
2.72718e-10 1.85369e-10 2.17118e-10 5.63147e-09 2.44701e-07           1 1.87523e-07 4.09926e-06  2.0541e-05
1.86066e-07 6.67455e-08 3.25744e-07 0.000121671  0.00542704 1.92317e-07    0.995844   0.0909154 0.000395794
4.04917e-06 1.44306e-06 7.09693e-06  0.00266155    0.118715 4.09905e-06   0.0909154    0.988754 1.81293e-05
6.05987e-06 3.76041e-06 7.37392e-06 5.36568e-06 7.37716e-07 2.05412e-05 0.000395794 1.81293e-05           1
Overlap Matrix (abs) of the orthonormalized projected bands for spin 1
 at k-point 0.454545 0.454545        0
maxDeviation is: 8.00986e-08
          1   2.832e-12 3.07944e-11 5.73229e-16 8.02217e-17 1.75176e-10 2.28004e-10  4.2782e-11 6.12879e-15
1.04473e-11           1 2.52574e-11  1.1707e-15 9.09099e-16 1.34035e-10 1.36533e-09  1.0987e-10 9.46579e-15
1.01811e-10 5.71631e-11           1 4.10581e-15 3.46427e-16 1.23416e-10 1.94631e-09  1.0346e-09 3.99776e-14
 6.8553e-16 1.31859e-15  1.1687e-15           1 8.04912e-16 1.09248e-14 3.04454e-09 2.84248e-14 2.94801e-15
7.69719e-17  9.9013e-16 2.58202e-16 8.16788e-16           1 8.01086e-15 4.09464e-09  4.2484e-14 5.16895e-15
5.46592e-10 2.95198e-10 7.06091e-11 1.52266e-14 7.32148e-15           1 1.47128e-08 5.54902e-09 2.42906e-13
2.28003e-10 1.36533e-09  1.9463e-09 3.04454e-09 4.09464e-09 1.47129e-08    0.992445 8.00986e-08 9.23711e-09
3.91371e-11  1.0611e-10 6.13482e-10 3.93861e-14 4.39539e-14 3.54228e-09 8.00986e-08           1 3.62348e-14
5.20609e-15 2.96353e-15 1.03192e-14 3.10622e-15 5.62627e-15 4.48256e-14 9.23711e-09 1.40635e-13           1
Overlap Matrix (abs) of the orthonormalized projected bands for spin 1
 at k-point 0.0909091        -0 0.0909091
maxDeviation is: 0.118854
          1 2.09572e-11 3.93466e-11 2.44762e-10 5.64476e-08 1.45857e-10 1.34388e-08 9.46284e-07 7.60016e-06
3.42061e-11           1  3.2094e-11 1.19796e-10 3.14416e-08 1.11781e-10 7.64238e-09 5.27081e-07 4.52961e-06
 5.0448e-11  3.3594e-11           1 3.36092e-10 8.53766e-08 1.87439e-10 2.03153e-08 1.43125e-06 9.51879e-06
2.42915e-10  1.4905e-10 3.45441e-10           1 2.77495e-05 1.00924e-09 7.04692e-06  0.00046519 6.30434e-06
5.64476e-08 3.14415e-08 8.53766e-08 2.77495e-05     0.99291 2.08279e-07  0.00180069    0.118854 2.86866e-07
2.98452e-10 2.01044e-10 2.45256e-10 6.99938e-10  2.0828e-07           1  5.2507e-08 3.49155e-06 2.49219e-05
1.34541e-08 7.40264e-09 1.99595e-08 7.04692e-06  0.00180069 5.09955e-08    0.999543   0.0301866 0.000415106
9.46284e-07 5.27086e-07 1.43125e-06  0.00046519    0.118854 3.49158e-06   0.0301866    0.992453 6.27093e-06
7.60016e-06 4.52962e-06 9.51879e-06 6.30435e-06 2.86866e-07 2.49219e-05 0.000415106 6.27093e-06           1
Overlap Matrix (abs) of the orthonormalized projected bands for spin 1
 at k-point  0.181818        -0 0.0909091
maxDeviation is: 0.781783
   0.998585 0.000517396  0.00122311  0.00300611 0.000572736  0.00220291  0.00129041   0.0476665    0.023212
0.000517396    0.999811 0.000447145  0.00109898 0.000209381  0.00080534 0.000471749    0.017426  0.00848586
 0.00122311 0.000447145    0.998943  0.00259795 0.000494971   0.0019038   0.0011152   0.0411944   0.0200603
 0.00300611  0.00109898  0.00259795    0.993615  0.00121652  0.00467909   0.0027409    0.101246   0.0493036
0.000572736 0.000209381 0.000494971  0.00121652    0.999768 0.000891478 0.000522206   0.0192898   0.0093935
 0.00220291  0.00080534   0.0019038  0.00467909 0.000891478    0.996571  0.00200856   0.0741941   0.0361301
 0.00129041 0.000471749   0.0011152   0.0027409 0.000522206  0.00200856    0.998823   0.0434611   0.0211641
  0.0476665    0.017426   0.0411944    0.101246   0.0192898   0.0741941   0.0434611    0.605414    0.781783
   0.023212  0.00848586   0.0200603   0.0493036   0.0093935   0.0361301   0.0211641    0.781783    0.619298
Overlap Matrix (abs) of the orthonormalized projected bands for spin 1
 at k-point  0.272727        -0 0.0909091
maxDeviation is: 0.683217
   0.988075  0.00156721   0.0194707 0.000502864  0.00506323  0.00591723    0.140902   0.0578245  0.00830239
 0.00156721    0.999794  0.00255881 6.60856e-05 0.000665401 0.000777633   0.0185171  0.00759921  0.00109109
  0.0194707  0.00255881     0.96821 0.000821033   0.0082668  0.00966114    0.230053   0.0944109   0.0135554
0.000502864 6.60856e-05 0.000821033    0.999979 0.000213504 0.000249515  0.00594151  0.00243832 0.000350092
 0.00506323 0.000665401   0.0082668 0.000213504     0.99785  0.00251232   0.0598238   0.0245509    0.003525
 0.00591723 0.000777633  0.00966114 0.000249515  0.00251232    0.997064   0.0699141   0.0286919  0.00411955
   0.140902   0.0185171    0.230053  0.00594151   0.0598238   0.0699141    0.664808    0.683217   0.0980956
  0.0578245  0.00759921   0.0944109  0.00243832   0.0245509   0.0286919    0.683217    0.719616   0.0402572
 0.00830239  0.00109109   0.0135554 0.000350092    0.003525  0.00411955   0.0980956   0.0402572     0.99422
Overlap Matrix (abs) of the orthonormalized projected bands for spin 1
 at k-point -0.272727 -0.272727        -0
maxDeviation is: 0.0010252
          1 2.30227e-11 3.61085e-11 1.85686e-13 9.86274e-16 2.52092e-10 1.60543e-11 1.13877e-10 2.31245e-12
6.18599e-11           1  2.1552e-11 7.87171e-13 5.02423e-15 2.08453e-13 6.30104e-10 3.83989e-10 9.87581e-12
1.47489e-10 4.11019e-11           1 1.89803e-12 1.21974e-14 1.32038e-10 2.27989e-10 9.67554e-10 2.36792e-11
1.48896e-13 2.91175e-13 4.43811e-13           1 8.77708e-17 3.09893e-12 1.03042e-10 1.62386e-12 2.99841e-14
1.80961e-15 2.37688e-15 3.72859e-15 8.88612e-17           1 2.45113e-14 4.94297e-11 1.64425e-14 2.54762e-16
 9.7181e-10 2.95675e-10 4.89634e-10 1.25761e-11 8.02299e-14           1 1.62943e-09 6.35193e-09 1.57147e-10
1.60616e-11 6.30099e-10    2.28e-10 1.03041e-10 4.94285e-11 1.62949e-09     1.00103 4.43116e-09  8.7188e-09
8.82208e-11  3.0414e-10 5.27389e-10 1.59809e-12 7.78065e-15 3.65897e-09 4.43122e-09           1 1.96439e-11
 1.7656e-12 3.42036e-12 5.21763e-12 2.93771e-14 1.58031e-15 3.64552e-11  8.7188e-09 1.92017e-11           1
Overlap Matrix (abs) of the orthonormalized projected bands for spin 1
 at k-point -0.0909091  -0.272727         -0
maxDeviation is: 0.68324
   0.988074  0.00156729    0.019471 0.000502941  0.00506329   0.0059167    0.140903   0.0578276   0.0083021
 0.00156729    0.999794  0.00255892 6.60973e-05 0.000665426 0.000777583   0.0185177  0.00759981  0.00109108
   0.019471  0.00255892     0.96821 0.000821151  0.00826683   0.0096602    0.230052   0.0944152   0.0135548
0.000502941 6.60973e-05 0.000821151    0.999979 0.000213534 0.000249525   0.0059423  0.00243876 0.000350124
 0.00506329 0.000665426  0.00826683 0.000213534     0.99785  0.00251206   0.0598233   0.0245519  0.00352483
  0.0059167 0.000777583   0.0096602 0.000249525  0.00251206    0.997065   0.0699065   0.0286901  0.00411894
   0.140903   0.0185177    0.230052   0.0059423   0.0598233   0.0699065    0.664785     0.68324   0.0980902
  0.0578276  0.00759981   0.0944152  0.00243876   0.0245519   0.0286901     0.68324    0.719593   0.0402569
  0.0083021  0.00109108   0.0135548 0.000350124  0.00352483  0.00411894   0.0980902   0.0402569     0.99422
Overlap Matrix (abs) of the orthonormalized projected bands for spin 1
 at k-point 0.0909091 0.0909091 0.0909091
maxDeviation is: 0.260176
   0.990296  0.00309924   0.0114002 8.44217e-06 2.15731e-06   0.0183958    0.137241 1.44176e-05 0.000207314
 0.00309924     0.99901  0.00364109 2.69633e-06  6.8902e-07  0.00587539   0.0438332 4.60482e-06 6.62136e-05
  0.0114002  0.00364109    0.986607 9.91814e-06 2.53448e-06    0.021612    0.161236 1.69383e-05 0.000243559
8.44217e-06 2.69633e-06 9.91814e-06           1 1.87686e-09 1.60043e-05   0.0001194 1.25433e-08 1.80362e-07
2.15731e-06  6.8902e-07 2.53448e-06 1.87686e-09           1 4.08973e-06 3.05114e-05 3.20531e-09 4.60898e-08
  0.0183958  0.00587539    0.021612 1.60043e-05 4.08973e-06    0.965126    0.260176 2.73323e-05 0.000393016
   0.137241   0.0438332    0.161236   0.0001194 3.05114e-05    0.260176    0.941035 0.000203912  0.00293209
1.44176e-05 4.60482e-06 1.69383e-05 1.25433e-08 3.20531e-09 2.73323e-05 0.000203912           1 3.08025e-07
0.000207314 6.62136e-05 0.000243559 1.80362e-07 4.60898e-08 0.000393016  0.00293209 3.08025e-07    0.999996
Overlap Matrix (abs) of the orthonormalized projected bands for spin 1
 at k-point -0.0909091         -0  0.0909091
maxDeviation is: 0.479317
          1 1.32454e-07 5.52648e-08  3.5854e-06 4.70813e-07 1.61994e-07 5.57036e-05 5.74787e-08 1.42842e-05
1.32588e-07    0.999989 4.41515e-06 0.000286178 3.75792e-05 1.28994e-05  0.00444613 4.60428e-06  0.00114013
5.53921e-08 4.41508e-06    0.999998 0.000119471 1.56882e-05 5.38545e-06  0.00185613 1.92233e-06 0.000475969
 3.5854e-06 0.000286178 0.000119471    0.992256  0.00101688 0.000349057    0.120311 0.000124577   0.0308516
4.70814e-07 3.75792e-05 1.56882e-05  0.00101688    0.999866 4.58361e-05   0.0157985 1.63587e-05  0.00405125
1.60422e-07 1.28988e-05   5.384e-06 0.000349057 4.58361e-05    0.999984  0.00542302 5.60791e-06  0.00139064
5.57036e-05  0.00444613  0.00185613    0.120311   0.0157985  0.00542302     0.86918  0.00193546    0.479317
5.74052e-08 4.60313e-06  1.9212e-06 0.000124577 1.63587e-05 5.62137e-06  0.00193546    0.999998 0.000496312
1.42842e-05  0.00114013 0.000475969   0.0308516  0.00405125  0.00139064    0.479317 0.000496312    0.877088
Overlap Matrix (abs) of the orthonormalized projected bands for spin 1
 at k-point  0.272727 0.0909091 0.0909091
maxDeviation is: 0.542828
   0.943798   0.0144978   0.0536559  0.00860065 3.14106e-07   0.0701246    0.101173    0.301544 1.57709e-06
  0.0144978     0.99626   0.0138409   0.0022186 8.10262e-08   0.0180892   0.0260983   0.0777857 4.06824e-07
  0.0536559   0.0138409    0.948775    0.008211 2.99876e-07   0.0669476   0.0965891    0.287883 1.50565e-06
 0.00860065   0.0022186    0.008211    0.998684 4.80679e-08   0.0107312   0.0154825   0.0461456 2.41344e-07
3.14106e-07 8.10262e-08 2.99876e-07 4.80679e-08           1 3.91918e-07 5.65441e-07 1.68529e-06 8.81385e-12
  0.0701246   0.0180892   0.0669476   0.0107312 3.91917e-07    0.912504    0.126235    0.376244 1.96778e-06
   0.101173   0.0260983   0.0965891   0.0154825 5.65441e-07    0.126235    0.817873    0.542828 2.83902e-06
   0.301544   0.0777857    0.287883   0.0461456 1.68529e-06    0.376244    0.542828    0.617894 8.46168e-06
1.57709e-06 4.06824e-07 1.50565e-06 2.41344e-07 8.81388e-12 1.96778e-06 2.83902e-06 8.46168e-06           1
Overlap Matrix (abs) of the orthonormalized projected bands for spin 1
 at k-point  0.181818 -0.181818        -0
maxDeviation is: 0.307448
   0.950177  0.00950094   0.0503422 0.000497656 1.41872e-05   0.0442133   9.348e-05    0.304276  1.2232e-06
 0.00950094    0.998188  0.00959998 9.49002e-05 2.70541e-06  0.00843123 1.78261e-05   0.0580237 2.33257e-07
  0.0503422  0.00959998    0.949133 0.000502844 1.43351e-05   0.0446742 9.44545e-05    0.307448 1.23595e-06
0.000497656 9.49002e-05 0.000502844    0.999995 1.41709e-07 0.000441625 9.33726e-07  0.00303926 1.22179e-08
1.41872e-05 2.70541e-06 1.43351e-05 1.41709e-07           1 1.25898e-05 2.66186e-08 8.66431e-05 3.48314e-10
  0.0442133  0.00843123   0.0446742 0.000441625 1.25898e-05    0.960765 8.29551e-05    0.270017 1.08548e-06
  9.348e-05 1.78261e-05 9.44545e-05 9.33726e-07 2.66186e-08 8.29551e-05           1 0.000570896 2.29502e-09
   0.304276   0.0580237    0.307448  0.00303926 8.66431e-05    0.270017 0.000570896    0.858258 7.47026e-06
 1.2232e-06 2.33257e-07 1.23595e-06 1.22179e-08 3.48305e-10 1.08548e-06 2.29502e-09 7.47026e-06           1
Overlap Matrix (abs) of the orthonormalized projected bands for spin 1
 at k-point -0.181818 0.0909091 0.0909091
maxDeviation is: 0.75873
   0.985085  0.00226058   0.0227021 7.33736e-08  0.00521209  0.00320439    0.153721   0.0736169 4.72195e-06
 0.00226058    0.999657  0.00344082 1.11208e-08 0.000789966  0.00048567   0.0232986   0.0111577 7.15679e-07
  0.0227021  0.00344082    0.965445 1.11682e-07   0.0079333  0.00487738    0.233978    0.112052 7.18726e-06
7.33736e-08 1.11208e-08 1.11682e-07           1 2.56406e-08 1.57638e-08 7.56223e-07 3.62154e-07 2.32295e-11
 0.00521209 0.000789966   0.0079333 2.56406e-08    0.998179  0.00111978   0.0537183   0.0257256  1.6501e-06
 0.00320439  0.00048567  0.00487739 1.57638e-08  0.00111978    0.999312   0.0330259   0.0158161 1.01448e-06
   0.153721   0.0232986    0.233978 7.56223e-07   0.0537183   0.0330259    0.584323     0.75873 4.86667e-05
  0.0736169   0.0111577    0.112052 3.62154e-07   0.0257256   0.0158161     0.75873    0.636645 2.33064e-05
4.72195e-06 7.15679e-07 7.18726e-06 2.32272e-11  1.6501e-06 1.01448e-06 4.86667e-05 2.33064e-05           1
Overlap Matrix (abs) of the orthonormalized projected bands for spin 1
 at k-point -0.0909091  0.0909091  0.0909091
maxDeviation is: 0.609027
   0.990413  0.00370191  0.00565919 1.43963e-07  0.00541306   0.0180762   0.0452755 7.07077e-06    0.128958
 0.00370191    0.998571  0.00218527 4.98586e-08  0.00209023  0.00698006    0.017483 2.91198e-06   0.0497965
 0.00565919  0.00218527    0.996659 9.61416e-08  0.00319538   0.0106706   0.0267266 4.35531e-06   0.0761249
1.43963e-07 4.98586e-08 9.61416e-08    0.991765  5.5548e-08 3.02335e-07 1.77457e-06     0.12807  6.8384e-06
 0.00541306  0.00209023  0.00319538  5.5548e-08    0.996944   0.0102065   0.0255642 3.73568e-06   0.0728141
  0.0180762  0.00698006   0.0106706 3.02335e-07   0.0102065    0.965917   0.0853684 1.45194e-05    0.243153
  0.0452755    0.017483   0.0267266 1.77457e-06   0.0255642   0.0853684    0.786177  5.6675e-05    0.609027
7.07077e-06 2.91198e-06 4.35531e-06     0.12807 3.73568e-06 1.45194e-05  5.6675e-05    0.991765 2.24552e-05
   0.128958   0.0497965   0.0761249  6.8384e-06   0.0728141    0.243153    0.609027 2.24552e-05    0.734681
Overlap Matrix (abs) of the orthonormalized projected bands for spin 1
 at k-point -0.0909091          0          0
maxDeviation is: 0.115254
   0.999654 0.000106094  0.00151924 1.76786e-05 1.18872e-06 2.59869e-05   0.0262662 0.000320444 8.72382e-05
0.000106094    0.999967 0.000465532 5.41714e-06 3.64251e-07 7.96302e-06  0.00804861 9.81918e-05 2.67319e-05
 0.00151924 0.000465532    0.993334  7.7572e-05 5.21598e-06 0.000114028    0.115254  0.00140608 0.000382794
1.76786e-05 5.41714e-06  7.7572e-05    0.999999 6.06956e-08 1.32689e-06  0.00134115 1.63618e-05 4.45436e-06
1.18872e-06 3.64251e-07 5.21598e-06 6.06956e-08           1 8.92205e-08 9.01794e-05 1.10018e-06 2.99514e-07
 2.5987e-05 7.96304e-06 0.000114028 1.32689e-06 8.92206e-08    0.999998  0.00197145 2.40514e-05 6.54778e-06
  0.0262662  0.00804861    0.115254  0.00134115 9.01794e-05  0.00197145    0.992634   0.0243098  0.00661815
0.000320444 9.81918e-05  0.00140608 1.63618e-05 1.10018e-06 2.40513e-05   0.0243098    0.999703 8.07404e-05
8.72382e-05 2.67319e-05 0.000382794 4.45436e-06 2.99514e-07 6.54777e-06  0.00661815 8.07404e-05    0.999978
Overlap Matrix (abs) of the orthonormalized projected bands for spin 1
 at k-point  -0.272727 -0.0909091         -0
maxDeviation is: 0.683203
   0.988075  0.00156711   0.0194704 0.000502828  0.00506321  0.00591725      0.1409   0.0578228   0.0083132
 0.00156711    0.999794  0.00255867 6.60782e-05 0.000665372 0.000777605   0.0185162  0.00759868  0.00109246
  0.0194704  0.00255867     0.96821  0.00082098  0.00826684  0.00966126    0.230052   0.0944088   0.0135732
0.000502828 6.60782e-05  0.00082098    0.999979 0.000213493 0.000249504  0.00594114  0.00243813 0.000350531
 0.00506321 0.000665372  0.00826684 0.000213493     0.99785  0.00251238   0.0598242   0.0245507  0.00352966
 0.00591725 0.000777605  0.00966126 0.000249504  0.00251238    0.997064   0.0699151   0.0286918  0.00412503
     0.1409   0.0185162    0.230052  0.00594114   0.0598242   0.0699151    0.664803    0.683203   0.0982243
  0.0578228  0.00759868   0.0944088  0.00243813   0.0245507   0.0286918    0.683203    0.719627   0.0403094
  0.0083132  0.00109246   0.0135732 0.000350531  0.00352966  0.00412503   0.0982243   0.0403094    0.994205
Overlap Matrix (abs) of the orthonormalized projected bands for spin 1
 at k-point        -0        -0 0.0909091
maxDeviation is: 0.115865
   0.999654  0.00010378  0.00152729 1.79393e-05 5.39571e-07 3.71748e-05   0.0262653 0.000333038 6.24981e-06
 0.00010378    0.999969 0.000457807 5.37733e-06 1.61737e-07 1.11432e-05  0.00787306 9.98288e-05 1.87339e-06
 0.00152729 0.000457807    0.993263  7.9136e-05 2.38022e-06  0.00016399    0.115865  0.00146914 2.75699e-05
1.79393e-05 5.37733e-06  7.9136e-05    0.999999 2.79577e-08  1.9262e-06  0.00136093 1.72563e-05 3.23832e-07
5.39571e-07 1.61737e-07 2.38022e-06 2.79577e-08           1 5.79356e-08 4.09335e-05 5.19028e-07  9.7401e-09
3.71748e-05 1.11432e-05  0.00016399 1.92621e-06 5.79356e-08    0.999996  0.00282019 3.57595e-05 6.71064e-07
  0.0262653  0.00787306    0.115865  0.00136093 4.09335e-05  0.00282019     0.99256   0.0252653 0.000474129
0.000333038 9.98288e-05  0.00146914 1.72563e-05 5.19028e-07 3.57594e-05   0.0252653     0.99968 6.01186e-06
6.24981e-06 1.87339e-06 2.75699e-05 3.23832e-07  9.7401e-09 6.71063e-07 0.000474129 6.01186e-06           1
Overlap Matrix (abs) of the orthonormalized projected bands for spin 1
 at k-point  0.363636  0.181818 0.0909091
maxDeviation is: 0.61699
   0.979344  0.00229303    0.027065   0.0108249  0.00478871  0.00223132    0.172467   0.0738968    0.069264
 0.00229303    0.999745  0.00300445  0.00120165 0.000531587 0.000247696   0.0191453  0.00820316  0.00768889
   0.027065  0.00300445    0.964538   0.0141833  0.00627441  0.00292359    0.225975   0.0968233   0.0907532
  0.0108249  0.00120165   0.0141833    0.994327   0.0025095  0.00116931   0.0903805   0.0387252   0.0362974
 0.00478871 0.000531587  0.00627441   0.0025095     0.99889 0.000517282   0.0399826   0.0171313   0.0160573
 0.00223132 0.000247696  0.00292359  0.00116931 0.000517282    0.999759   0.0186301  0.00798241  0.00748198
   0.172467   0.0191453    0.225975   0.0903805   0.0399826   0.0186301     0.43999     0.61699     0.57831
  0.0738968  0.00820316   0.0968233   0.0387252   0.0171313  0.00798241     0.61699    0.735639    0.247787
