       N       E                     dE             d eps       ncg     rms          rms(c)
DAV:   1    -0.959771844483E+02   -0.95977E+02   -0.21075E-03 35720   0.382E-01    0.702E-03
RMM:   2    -0.959771853002E+02   -0.85190E-06   -0.11169E-05 34862   0.177E-02    0.117E-02
RMM:   3    -0.959771841808E+02    0.11194E-05   -0.16306E-06 21007   0.785E-03    0.203E-03
RMM:   4    -0.959771841430E+02    0.37811E-07   -0.31613E-07 18425   0.309E-03
   1 F= -.95977184E+02 E0= -.95977184E+02  d E =-.252348E-46  mag=     0.0000
