       N       E                     dE             d eps       ncg     rms          rms(c)
DAV:   1    -0.651301717099E+02   -0.65130E+02   -0.11048E+03 54464   0.326E+02    0.284E+01
RMM:   2    -0.103509518499E+03   -0.38379E+02   -0.37811E+02 41371   0.757E+01    0.305E+01
RMM:   3    -0.931392493142E+02    0.10370E+02   -0.14485E+01 47884   0.183E+01    0.162E+01
RMM:   4    -0.934075603443E+02   -0.26831E+00   -0.34364E+00 43035   0.771E+00    0.111E+01
RMM:   5    -0.928919068462E+02    0.51565E+00   -0.89610E-01 47385   0.386E+00    0.251E+00
RMM:   6    -0.928813056270E+02    0.10601E-01   -0.41013E-02 45085   0.104E+00    0.105E+00
RMM:   7    -0.928750065074E+02    0.62991E-02   -0.94473E-03 46921   0.405E-01    0.577E-01
RMM:   8    -0.928737608152E+02    0.12457E-02   -0.33719E-03 45789   0.224E-01    0.292E-01
