       N       E                     dE             d eps       ncg     rms          rms(c)
DAV:   1    -0.621952548768E+02   -0.62195E+02   -0.15090E+03 22548   0.389E+02    0.304E+01
RMM:   2    -0.998624549275E+02   -0.37667E+02   -0.39067E+02 18807   0.943E+01    0.221E+01
RMM:   3    -0.955799020854E+02    0.42826E+01   -0.33756E+01 20577   0.288E+01    0.354E+01
RMM:   4    -0.908221972687E+02    0.47577E+01   -0.75176E+00 19564   0.126E+01    0.187E+01
RMM:   5    -0.951597303321E+02   -0.43375E+01   -0.73542E+00 19368   0.108E+01    0.329E+01
RMM:   6    -0.906795205133E+02    0.44802E+01   -0.45015E+00 19612   0.910E+00    0.109E+01
